61634331
1912417423
1053529234
600212964
2060424492
2110807304
1925656338
742154649
1856616693
813784393
246573130
14181216
1076435224
1211511511
472425480
951039520
321022795
1264987450
902977599
2007963980
1961380288
1857952956
842233400
1897436978
365972645
1737423552
1728181479
1933186528
1339619783
991460796
592539224
478923955
695454802
1415492308
159244872
168577149
19445427
936466196
1963904976
1310738514
24944798
1467828810
770504764
1092050160
1918534443
392959358
1549286650
1029362888
1180099867
1574641423
489695918
1071324845
278894905
766756460
192471907
573074712
409321692
885473643
867121627
291898389
1445868681
1449440585
1117384711
1754545102
1725207733
328049983
15936146
1008984498
1632593063
66351293
648301463
151405122
2072490364
2008169286
1820296820
1561838968
637331269
1692219367
495296182
1048029140
496342603
595456597
1845191731
163445252
688392818
359780258
1845075511
883536175
265402043
1882366108
937113558
108212702
971151075
803127234
605593441
487350151
2031208745
450548964
148663027
1574820536
1245889069
1000208470
1124889643
1637988317
1878433012
1011519440
834911476
410425518
1358637320
21094117
392990591
1774891575
1948350652
981853470
971991890
971827589
394252685
521978803
216166778
361418986
316604580
862094565
1852711388
1153757166
1739666809
1726594811
1020746666
946823122
1299227793
634989782
208384753
1395353281
1235637351
205256243
51137870
1978096534
322803305
2031878525
551851969
1453112388
1599000089
2132363597
1075660697
1836646630
1112819796
1848037247
615594127
1184650596
1843791024
1975871474
286317039
635569086
616919806
169751771
1293548785
1901656312
1263552239
610422470
641005094
449801891
1233232850
494055979
2118460430
1069245187
798687867
1890266281
178916550
964307426
1669485376
895263714
1173316830
284950512
1492712989
330215410
421359945
1964321493
170361591
48636812
1107318382
1484574677
45325309
319667123
156501595
1822051103
1238557739
341299475
1470865433
1665429938
1705649128
1189315834
1967534618
1612892141
1810466256
595428342
619704783
420959921
1394087308
1092360203
1806572118
1821927732
965020380
886563985
526697553
801906021
2021360310
1587430824
554248402
824987895
1010657416
1366289753
1617420658
504894733
2106880410
307099723
254662529
580940416
613690511
1184977951
802927703
632350928
1939228426
361492840
1454818505
1695592868
95046510
215014218
1942446519
188773119
1992571069
427290286
2091126723
227060226
34174626
1067682591
1145677852
88586328
1909573514
1473918788
699661432
693313089
1433008876
1877725946
7309344
296618815
612385194
2050593038
1611915301
1502613335
1534994063
153195156
1637856432
1012487940
1695698168
960667110
791303543
910064574
1273771920
165284668
812370764
1875677985
240023860
1447403749
1146861775
75941566
1606406645
1750382880
1723356228
728325755
703191611
607103897
1388964991
414369703
1958477318
701633667
944540412
1905377950
693348944
1023685454
724591883
2095087893
118926991
1963539206
737865256
1787240195
1694168151
1014763080
1932649
706510893
38194971
1035043041
615749648
394476620
608650771
1745803524
971641664
1244718044
1974327866
280291880
1928421069
69764996
513632879
273400700
1760586540
353766429
705034171
104893448
1142078601
721843552
938027954
788973153
1403215096
1838281009
1755161330
1887950344
105873347
1016008066
826613193
1367294049
1363593186
1697850085
2106185971
61850443
488391560
645569970
544829568
1027930976
422203098
1215590353
437767892
1828123594
183283642
473339173
1059768776
1916836288
1768381634
1081488534
1021784047
483372444
40206669
2006747064
78784499
870607771
1732473007
2019185437
691397661
1765852720
573528708
332290356
62311411
522890245
1584902694
149934556
1057381883
595751823
1941658424
1119129737
784542622
44443212
197053791
905650961
837382440
1164707228
510296337
809227028
1965943788
831144762
1781143429
1158157318
743747716
2028439381
497602506
1829668827
466608950
1647279695
165608180
1716675661
1636717683
1832929297
699220337
1965531853
1260397433
1413038857
1241361273
1290929412
1750575384
868306113
1739554468
1429968900
107941009
2049061405
1720853141
739770384
1956578457
918071601
1602510548
345274116
504981118
898879164
646996922
1539901282
648168801
1268040005
565325957
1067331067
816612257
1569625041
352127115
1747102775
705353817
1651536446
2049821068
1509946625
1964272383
1091006784
327357728
1121467985
1202472749
1795367925
17915727
499114327
1376586364
675262758
1004016703
926176065
1487818380
814334492
1404970760
1066246313
892301601
2059158813
1886354340
495711646
973831272
735944066
1039777282
1995529294
773067095
660700022
740186169
464550989
1936545330
479081805
465066457
1136379012
136514345
936909950
326124126
76351929
1016006431
527624255
1097121982
1488208822
2009824901
402714555
26122786
566014745
1752143461
1925811699
1100417457
908220856
1845159291
232499502
1169886087
1585860526
2109515133
630650910
1951081668
1433345798
1187870332
635846289
92166849
1816850435
1744746082
295590864
885533534
1371271178
1318096539
1939448984
986478711
219413805
892336593
887399090
1619622005
938164309
38806479
1967715377
209640960
965607435
1065788807
1230283848
983206098
456693219
2135441199
776468421
1252405671
1415385221
1935397509
1454982958
1945543505
840739929
1186168628
568205431
659829479
223866063
355984207
1826785885
983386397
433766472
1368367610
1160438625
1470033583
2077669540
70087208
963278436
1445752312
1840513641
1779505022
1036025564
532560799
1340236940
1892403030
1177482928
32602224
559821536
1587452897
1448748982
1749319241
1186053400
1628559204
1530239686
1635912235
83518586
1682823587
2058526331
1502852464
1333862947
501926235
1078869894
504205340
57206769
1694110696
1193290926
500158027
41018896
1323107591
1885970536
1874369226
175595300
2133711030
1211828750
1353662658
868111632
347392312
976801983
259194511
520484961
741915444
1785932244
1336603568
170878043
1678985725
1196072186
1255783383
1709232542
1391072749
1360687089
204368159
274794867
887838442
343659488
886419293
1688896441
59364618
1476939346
881406606
1023555942
1410632019
204437457
851970672
1825887676
868763803
1654376989
2139270446
1725796363
1077803662
744740873
1865782067
88381468
259915470
1317071091
563152416
102211393
2074706485
1884918238
134327512
1037936631
1429513782
1748928046
1909753528
78636597
540572769
388069887
527050724
584325716
999421957
456232994
135801021
888238234
1265833967
1443261876
1276435054
71274340
115190353
1178250589
607679142
1293950448
609430718
258477090
1033896032
2030939588
1140550226
570640872
2054265821
72323263
1287363055
1144739718
1212572596
1796261306
273800866
2103381125
255195392
485541339
77933603
671497847
1799900343
344431734
1815589243
1072608241
541962266
1313035167
489294784
80416038
1256864328
639328080
1335862012
583621665
807449838
376918323
364426028
1979238046
2147115545
1324400398
383558500
1653681030
590089516
200074697
1574399248
1863673350
200145133
386478876
1601631573
1442342987
2126732473
1151238105
973167253
74909659
835142360
1724998867
321607697
1331426707
996129259
1600304234
843448746
33618745
1763011458
895074996
692926912
2142779581
1138543050
592627274
1031037755
91863825
427763299
693517228
350548392
886924962
639968336
105043282
196778363
263114609
1248401160
2141332048
1745027699
1147680979
686751913
1004058020
1740832283
1362859713
1936261452
1151678496
1793156204
1084492509
1833576819
862875374
494393488
1567094530
525779359
1553391813
1066129345
874209158
2044737791
596468647
834049104
1731458831
485231938
2034007380
686309058
339463694
149429646
1852776527
1985707796
977616861
84146825
1918889866
773324832
1662146417
820897172
1267782320
707727128
1124828604
1873498391
14370063
424374574
331686818
61854711
923167009
1549644118
789633429
1179820580
448170677
994068515
890218191
91339856
802838975
927145934
2013979179
982722746
561301432
1791235670
681979553
1783080744
1265045939
645021633
165805404
102199795
978133246
1773390464
1174787962
1442364988
339151985
165872
629360991
962121021
44901462
789658365
852879798
1849393338
261657333
1900801761
670209542
67273877
1644247994
266844170
2057281260
1714175873
498213637
1801085210
1991327227
183229647
2086684814
1591256584
54611757
1157554532
881098355
729923428
3074052
213507532
1079469792
1548296119
1663174209
151842663
921133658
1083925768
10039360
1197073089
884136104
927572091
1506443502
1803610368
1563289182
362165781
285161832
1168503414
163649799
1768994458
992514610
1879040086
1304396782
371340695
1885218321
1973673860
70064009
1711390076
23195782
382885509
546489731
1918936033
1942714855
619720854
506239845
1725472745
1891330843
1999474648
420912608
1520542916
479355633
1107677352
912248505
397648462
1153009438
979220493
1723295569
1146645973
2025384657
104040267
1381954000
2056533240
1027572981
1739779732
885820142
1703869610
738332674
1966094558
1569928798
504352342
370265472
741417680
1062981591
339891485
1294059290
1818160854
1670890175
545901882
2059454299
1210345556
46092918
456148871
611836935
1291036662
268426557
24077081
1688278040
265980710
1893409730
1572847365
1330047828
558493847
1006583625
1806599750
1455495
1944251390
1596952696
1355585463
1409010531
1994277601
85037247
1925246010
974428912
1347789959
498405474
1581251835
1371241905
58404623
1314786084
767822799
1851790933
1371730845
1460592018
1031688118
655069206
223038383
691291369
842475391
1521203634
294384014
2134979493
584291467
822777348
1923149279
1872700583
706240425
2053119039
579177561
783824641
1680304673
508395974
392472977
1588264033
523881676
1114441642
568773617
1410106393
1365346144
1041688000
1799068103
882625735
398959050
1546358110
2141412985
663905958
50839988
909974963
748056791
1106292847
1176000038
2046133184
343108745
1080080621
1237228360
531914743
33181863
2058448668
1476384837
800549742
1122612583
320629501
896883020
860993216
2079615729
1747138809
1610532784
1566686336
1276703567
2138419695
1529258544
1845223771
256469376
1637976540
1690744656
817798089
795445163
1642323750
339125222
1696537967
403807857
771241093
1504475057
265353237
1616932699
1674370958
1788330530
1775818815
2073230451
490444254
482437439
1552027498
1412988654
2095407839
1090440349
317736933
130668294
1304162362
359454347
1979866185
1682892518
1161210585
110083406
1397812374
1018260159
626060951
813586054
602073835
1099169784
1473708679
1770782383
1683749345
1014836610
316297182
1020409539
848041605
936468297
453107070
78330365
17147889
890496710
1785903648
364965305
2018946694
1215705777
1255972636
1860676983
944991432
775786452
561100248
380802303
1043104726
742057211
550832587
1705446046
2070945156
1159003144
1442435373
89090958
506813975
510462499
1646679613
2101927028
2099967900
2121156878
1752165166
1978032130
1454725349
1683264406
78770863
1547924925
2119602721
2130908965
2077796118
667067097
1323411735
1543720053
1912138280
18376512
1008514815
559253855
1958283143
1967734961
521193981
2021629393
1017312184
1938390533
1660691515
240848350
79114704
903333005
1430983329
1886100208
1570777531
93800856
717567284
790621721
2077776169
1434247697
1793110792
124343686
1116891414
1894918724
361395171
45393684
1993921012
1891903425
1867127152
1100839421
533420150
698804057
890901021
483789227
347819259
1894627653
1345830802
2077307821
348919702
787467623
1479887565
1323377351
608975542
1997214120
1582718942
1372870947
1121162871
1999852672
307931964
1036250022
888559236
1520029076
971805379
1877008478
2041091238
1280921209
915948619
1824244247
619010542
441810326
840356838
1658886925
392972411
163552552
393921461
231909563
689166313
1545175136
1426517863
915815122
618835542
758608039
734950736
908873541
1652637714
2060182785
2001458978
801807745
406683618
278138255
428289098
1699996346
1584204273
661280046
1405542377
868180321
2098647892
1769216830
499389549
601597362
1578371128
1282541437
361981644
1967636841
149447339
1494120977
1384409949
1455378580
1963779075
821803428
549838419
1258862980
1609333487
1709941161
1883382230
1109015005
1946206232
1258599102
1183269823
562131661
2130023283
764708650
1531405552
383927897
807207974
1182649733
1018297422
1318909907
1667861780
1952451447
305401693
1282974056
104550407
14256792
817175158
598618325
590190969
1973940599
1825047207
1879129402
2069665535
384969399
555944743
1977034759
854575699
1993235539
128411764
9575187
313811708
625004801
1357949707
1945933259
433801372
597480884
997055428
1617648519
1545682902
8301884
587842503
75937016
1180971993
581295113
319126062
1485379262
1552895630
1994993165
2088759609
206593814
544745818
477231295
1591139624
620756145
1147273360
411188027
1866002105
1799712927
1375761270
543252102
1074199358
2109062506
1856109298
382040048
1721846874
709981504
256041170
1716195218
1486352728
270940488
1582047669
40602871
1535675431
1231002645
1833845656
1677888471
853652470
1678145848
1572784897
133462783
871081832
1397552111
222271682
168625996
1819781236
766930684
115481194
1238496469
1729297373
1489891217
265082702
988751913
1043342920
512916839
1363706927
422232493
1174970623
845689326
1696753544
882658600
480436289
1414908063
1311012983
340797274
1678517571
1824629357
566248005
732978118
1645426120
501108314
2022717076
471751825
172536664
161859877
161724452
1144854147
1012624416
1690551840
1933887553
530645802
1706205029
1262646048
2141905101
1679031069
1997393830
676481423
863839462
1869916766
898718798
238853787
2008986163
244689113
731954451
395953297
1935834320
545151241
752539886
1247719236
1861271507
305123002
1729794743
2103651751
1425976443
2142380009
2015708508
683731579
1163502069
1272095175
1850902973
1509721633
1632753610
918664156
1838432296
963459985
572851432
617012041
2004580204
871146083
97004874
61607974
1405512604
832520203
1255694407
862797578
1900901986
1505737250
1559023989
1262952616
1751673597
1054972895
193025591
261138838
1170438104
71155876
1842803178
1492939817
1588742088
1651086773
1981332136
1997776509
1879162082
24872195
544080055
1276245649
1907638007
1932655399
1543979666
1340247695
983185326
1314364010
1799493521
83342120
1576531516
1417039104
1968757559
1748184606
218354882
1158940758
978682648
1530109659
563812674
558838657
768321893
238744383
1421454399
1289601749
1020556822
2124704375
1101553393
89209495
143110322
883205128
1343691554
1060301514
710403262
619994348
118748840
892261925
2011964096
1496227027
1319486591
87610918
653297646
104150410
761290114
2038345280
1736398456
1190827641
1546812102
1077076016
936839279
834541126
1485872020
15151982
179201872
372765848
1100878080
627769790
960385585
1854174710
1470949674
907049701
1269398663
1995545549
1342116881
251474297
2019889042
675879568
1019132943
551379666
1917433958
1692946426
139029493
538348573
2074299542
1561467759
717831363
1770847887
1267584894
1451399808
1666245892
1012483253
483476013
344648590
1709384644
1736788714
1054492653
1358641285
1134272815
2000051427
1761888625
620981194
825687752
1017653860
1456103579
135729456
1947824450
154019093
993982183
1743193379
1515118079
1496557935
1342087287
1338749927
74782242
1174963409
1045519803
27577083
2024827219
1666091695
1089867196
710893207
1431595535
3541737
1824946950
119645525
1684954536
1619139386
1654590768
631999468
1014788576
984270279
1146865929
351109910
905212446
646074071
1777133921
105580948
1382962763
61072290
891288177
1519686728
1156752716
63251522
1063191016
1872533119
951207196
1340676806
1526062483
780504145
334295684
1066029414
839295655
1268975905
2040871546
792386000
1255696302
1965419584
1637117716
68433825
137921292
770440622
138326567
935215087
735897645
2144163072
950980481
2096308227
146206030
1220938845
1608728766
257416484
1989174244
109109666
1257329867
1852030862
1136758188
1278183334
1375278325
117848706
200087632
23562647
718545325
1239548791
68676019
705086083
814964954
1298999918
1606756058
1829800691
335738843
1194403171
1687912310
1126489778
992586520
1390600415
824141842
1858395307
1638948163
1345980330
266243285
1831609072
2079328305
309318558
1034118901
1547479255
363866447
423680408
730627769
284350783
570768322
273834631
64062504
1546768112
1792965151
236127142
1647904851
1435743520
1447805380
2142717894
40124732
728264210
1492652497
1341021124
1656939106
1682751961
241352646
645386267
1909961706
199653179
799611835
1459790226
85406315
1299568817
2060705334
1053743894
934551894
36915082
37181868
1703821986
281188865
1995939630
1529547159
1142268762
1238942030
1184385664
80525616
1505191608
1650257404
1087114589
1145904074
1220103901
1654892938
914072642
940003531
241320969
1635554755
875658250
990014791
683296550
1165222123
470672340
1326695738
1650834303
1635684996
509164291
1850363490
623270286
1705155261
1352908127
540481207
681524466
605040248
1736093528
1521248392
840867711
145791479
271895659
659346996
847704944
1158108194
1263794590
828180353
35270327
1996799095
1251499557
761184924
1510291829
1538690446
1346446375
61426349
506892678
2100866632
1496925082
135974422
1718244659
378121108
1983043914
1824538185
612828939
1653654749
1041869817
395086659
1669954763
39326995
384672161
1099816105
309562234
266076757
1931478741
807338621
18358930
259636792
1427810885
805107581
1381541976
1821982903
1455812192
2055991064
1402112333
994822071
1070797588
747964686
414780605
1994294581
1835145649
50160803
1460052084
225560078
2087634155
386461055
1987177872
1293908842
2087081726
877059109
1598433394
1421914310
1484771308
468419598
1652764110
1200625821
1997180386
1404741986
807476962
1080064435
436425145
190789714
1595690692
1501587198
1241368984
1036048404
1265201875
374426673
1005642678
573928316
1119823951
1101953254
1305889597
586445108
429981957
1629582439
24219978
479393176
392784163
321618968
102343697
1496066096
1834145834
2067852933
1780962846
1456346827
1859510017
1460741380
1423300534
2071162932
3720485
1593810439
370025564
1121710228
2080802558
1910753792
1894024815
261683556
1819158349
383986929
262107888
239169292
929588674
371148431
923869026
932681245
1259408554
312578834
1057051594
2115848744
1275209670
1611304604
1551571670
415139897
215127607
28132675
2032800282
1149232883
155093397
1032821181
447560821
438187593
1343726622
618663079
838949010
1676026070
369330187
2138336882
604167563
1734232282
1802160638
1299285482
1353179047
457964242
652695704
1609717092
152321860
1153576883
438340392
2013677700
19833808
1324103874
41167230
1833448616
906159345
885067539
875486941
524596725
522625989
1868685468
730573326
495260412
1352595011
926291189
425262225
33321224
2022844096
41984942
454777583
1533526790
108964238
97400396
2062577707
764247314
820021951
651767778
124954199
449885850
1145091591
553145417
1988916802
635176241
2008914623
880699644
1353433167
1977809394
1565707782
1144834450
2134417505
12438415
396193026
2067827160
1186483954
2056345333
1572151620
1887526794
1639694659
997081245
336447818
271789486
516086446
720674930
357820190
643738510
1136140567
1966490202
670439195
569590096
313919105
1097344356
1722806479
709612595
1418066364
320111500
1880019964
1690426472
1322946620
201935917
11486137
1074118283
29965062
483629828
1845072310
1428751036
2124224707
701978076
1838070684
842441567
1625528055
1687861980
1417837715
1367297388
2058138699
508578153
1192080605
922946675
562288134
1051070393
901015967
1614773296
1338196634
252184310
1779220160
1371617734
1152611163
930334730
931687658
1657335452
243830602
290882317
838358446
901770961
2128838928
1397932873
1679423428
1908278621
304167430
886712806
377005424
1705093061
446289009
1927276855
2120777471
836070266
739927755
1915447967
2080330609
1450260175
1686075964
2090805537
2093984049
361973654
1770206760
1404988036
569135359
1026869590
548500194
1685922079
1719600366
973034794
1847919998
294641734
1461892489
1633965369
1146402499
380005713
1364870929
1510794701
803960639
1859786565
434402
1447587346
764314229
734109474
566956276
906611309
766329650
1940855497
2130519420
1491501687
1461840638
557374599
1982676658
1107895445
296144557
452266306
984038062
1069515061
202619413
417343294
1402912108
2011111335
152538329
1071746957
1261483758
1833297557
1792381540
1608862737
974907776
1189253665
2006132466
2092010543
1244418583
227553690
379149256
764836370
972125395
1296664282
230124676
1190779545
1452650404
325894462
1217263503
791445982
2091701512
1284877891
806882222
1687045732
414347506
1755060666
166083768
241548508
1876179399
606451623
72421730
1453041300
1873497985
412520892
984300598
761175165
1607404278
178295405
1733374370
254943447
1960197939
1692559280
679136557
1387585915
1434971906
1083152211
17618884
807179461
650811532
765411065
1534288179
1973582620
1903253783
203200946
518717103
813838111
1484278511
1754006838
1722687632
1113394797
1253416803
2005459134
2002571547
426714385
1855657703
74203008
1959284349
1269245320
159095127
160565445
1982927317
268539761
134402139
240238504
2015163752
790628049
122209765
10079341
844385272
513252863
1665771735
972013947
1500502830
914306098
950663618
2131080695
852413236
486242981
783385034
230453247
921353567
948474468
2137757093
283883648
837901322
975893687
1828800194
1732629173
1080939902
690370600
1154106502
12628284
448910349
16178225
1012617137
1405035222
2102699326
1756685703
1596277215
308138171
232284706
995603709
304466731
1416333464
1257245381
1999643415
1322985454
1901194279
1342088896
1458866732
1765683365
371933288
706125036
948635958
1243235825
1762899585
503419953
1610148154
1842395831
1729112111
2102153084
1948430158
1603108455
1531568616
2118588111
1308034380
1682762074
1283372175
673341298
701973266
737062229
1509828819
1238926663
959644274
1594887211
134237733
328238907
1006159805
916952702
1362116436
1270012120
492071143
1350489253
411834054
1915255544
1171553623
97147818
1155378261
2119019924
286965838
627503210
1504384707
975482043
1129312241
1506441951
1446218460
476711582
1364349684
1436658555
1232917031
712202440
1855893221
1165972650
71250760
1801056874
669391122
1058052730
977356277
1392433620
1841277977
2132359767
1913834643
1511111424
378260490
690834671
1135431020
2140423497
302990138
1389495348
1710409103
1232350777
1059529127
2105870208
737046341
266948479
148564227
272773074
851523115
258634239
1252077407
328828470
937628401
912422916
1820557941
526616131
1316759726
125352081
160494994
1690289854
1571560925
1247444437
710632478
577391197
2118372088
1218492604
951194313
381016741
878508207
1372330914
705493332
633204468
972916677
1635970594
902209273
164151707
791608456
559877133
267850617
1601852707
927533035
1221566839
136392384
2038647729
977094721
1895388651
1418453302
1677890180
1830558616
20494526
1790181028
1157563290
711851440
102097025
1063226817
2102280050
1459260311
1161121680
69355097
504373485
567142114
474042311
489916441
2126138702
1214173833
1745360724
737195001
749044320
222528352
2134780072
1156280902
2135319735
1049148974
1989771144
43126603
634761230
941522284
1500593472
804829339
1481100240
1351022747
64398838
1017971966
1815209394
497583938
207053084
258593014
515560573
586185091
1902513919
1352145388
152577257
545038425
2145740157
1600791036
159109797
509796209
1856185811
933807706
752701300
587842209
819158420
127898207
1456511601
360362249
1425114294
731035956
1707624819
608565189
1693723335
393396250
1204520587
144344652
2040071485
850674515
1677140906
2134300264
1339707626
569302960
808519264
1266031058
41654414
1825368760
1785155007
999581545
422253191
629556082
1705555038
2046181903
1142286243
1681597904
2071580793
23819040
555799830
1219005112
153285686
1739248272
744209287
780025519
1634504706
960771744
249417028
79132964
964434202
111109437
1059138966
1633246807
1768003110
770867445
659551024
495416804
914756607
671615894
769761217
1351925744
28140689
617887845
579288745
2084090607
1472309724
1926948856
500530376
721030159
1782927125
1424181169
813640561
819330116
2049978857
2047586007
1013432445
1674107889
1212603873
1822421842
494699900
2126917424
751229920
2109607939
1396459527
1619027134
867252170
1920505534
155221297
1824348550
1798078015
409208805
571992604
561728200
1082758277
989055394
1802634151
1501200614
579529860
1650268352
1578850117
242916555
314816234
1937894695
717123305
322900472
207410543
1951099890
1390527005
920450860
1046966067
1484464431
1532126770
1619851184
524364099
569629490
1127501714
803131196
193733946
409903510
1282151985
1297635977
1845299204
1293803985
1277382434
1239475828
803433150
646482803
1676127558
1752827852
1224030137
1233679867
913718047
408020408
766219678
1366493782
1640439746
1775206600
1451762347
2024327669
1334018283
1048060054
1241735707
1538780553
81146923
2048242200
449928612
92796254
329322812
502825094
1924635930
239576401
749459317
170611426
260027953
2125760112
696170584
1654102057
1975768671
1298835500
2087303497
1342696468
2022099168
1977416509
1725644378
2035408523
450829011
469909523
750465089
475301799
311762818
1246241524
1411731307
1200099938
26064575
815644598
716465705
1278412766
207083369
1426089755
1706634249
1906099534
475070478
1267277764
1414712384
526460549
1941229482
1395064020
1720459586
788533017
1001269390
1553597474
444585844
864295988
1547984732
612630042
1496762617
205940983
1508186159
991963441
194446505
1376382858
74683351
1107847938
1634669088
310882500
978341698
972962058
1217406194
514681972
584578806
831984381
421728508
367219786
1971769530
1032849602
705622486
155829093
1297997141
839476754
159749988
1806083194
897127534
681786792
1639508364
776655005
404372626
1678061094
1501402370
2066895024
853672276
2036816516
793932606
229051237
430508431
1373122613
537477007
56363505
2005200839
1188705496
1346653001
821042511
1998659246
1781446039
709231386
145313325
2127672258
2060833312
592066427
2108105079
1908845075
1192885566
1777220162
794844031
145207075
612674835
288097108
161582022
751117286
1954256116
708685431
1191988074
1343286248
312566497
646038597
1407957035
22662286
1451924127
374202428
61953563
1508785780
210159732
1772381683
1161175522
1006088950
1388832127
219879271
1267613099
900558794
2092263345
1527479924
1333412527
84820682
1935021932
881015647
518512988
1413640144
789800118
897149584
1831082529
70998715
1716164122
900690781
1912338649
129798030
1758186267
1853272577
481123537
2094131895
2016177238
175738539
1473771384
1341178732
391267123
649966515
1178028962
918428209
2054558535
1149121767
393287544
1322380663
531640138
760715780
1028666112
2129655390
1821320112
1001184832
855280965
422588315
1994404070
1867224836
1236374051
1721084021
928182058
457610167
202826417
381175273
530388487
685861046
1315170891
680408046
1490616684
1365014368
639728186
1177282771
1906912872
1821910349
1196766723
1084079300
2144635269
1979651230
309148233
15480683
707987646
387075951
1779370079
1208767922
1266658077
1416591465
1358258286
1125067175
882677749
240661109
1054430271
393762425
782743481
1505956235
1654488230
190384799
1586086008
905021096
70704012
2110077464
1376735222
1233869022
1891472535
412285645
1102794088
1350000005
524830328
271582482
1140550859
976372111
1213689552
534215243
433802721
442455545
1078125248
800207787
1214271689
2145153374
1978795532
294517528
2080365114
1088493734
986188523
1543254059
918774108
1438793947
297280621
552500051
2034843971
1928797212
1586115977
1282429209
8841224
1125155754
1108813506
67512190
497065350
698069280
1565305974
195518336
1005894574
1770133695
633006019
1213596859
2000409224
1736660711
2146102294
2049418541
1711067590
553861794
878957393
574923538
1663824390
397760347
347384472
689406702
1983690661
2093991852
951329209
1270601641
1054542138
1568910165
504071990
1842646740
1585771446
329046600
1269906159
1483439881
1442731542
394471136
1489985904
1668823665
548490946
629131570
894845397
1548371808
1881269382
172289404
918968406
1198719258
1263076650
2137159611
1144309619
1527612089
1083347887
514993752
1640853949
981933606
1727782953
1157012994
281060926
896598341
789283636
1527457943
1228859782
1871432493
749811476
389599547
931398995
726135700
1999366253
1017804684
463153372
897713738
1031657627
1588876268
1612219322
258987228
2019183535
1540204285
1663133044
312729689
192273415
1440263723
1700957093
1960729905
1062874505
1237585762
1151658188
1379357496
737106556
1221725665
640404912
1780710346
1450775554
1694824998
478936942
1997381641
1768624182
1567977225
1809441824
1255692610
1087897566
1842220517
1720029228
2025338222
486008269
384928753
1872633382
1150575060
821447128
2030764716
19028835
161226188
478568818
773166455
1427862299
1730238366
172156903
1986502204
1998512698
1613559176
1698758706
1075753804
1948229059
1976003806
286857851
1502410823
80410081
498624844
379483952
1125993524
28073868
833250871
1412268478
363529905
278654676
1900756034
1417862380
539170372
321776590
2068890861
1443928788
2106552783
1117162520
2102974039
1013234304
1217064738
358316809
1938684196
1292608797
1101705387
1323137658
1391352441
1124795614
348879944
585041452
841522212
1933373296
813985085
1683063764
89801945
236518933
946180929
763439562
984986264
1484295520
222310579
13657674
1834062122
775749260
396323306
657863012
239204041
1930589304
1123243945
826233734
716925151
74917443
1356697266
1191791268
310520551
1280770432
1923960433
2083395585
1349278064
378336790
1418373337
679665821
90403648
420930999
1429411149
1652550203
1698304661
610193659
1939800244
1522999054
1442101383
1447787544
680463535
36102655
166767753
1903453504
1576587239
2135530910
29495822
494438039
1689651583
2074023842
466777672
1807023568
517364137
1452487454
2145073163
1410356067
966963540
1131834179
392907728
568376173
1055050499
204927180
1356725718
482298403
1684545209
97383434
1335915619
1509930484
1348920080
968050060
2105398313
153346363
937217386
845289322
1090914499
161219998
1263428414
1922844974
589386590
1981283078
1218367124
742803552
1638064501
2000401467
1137919884
990654381
676253108
1011919642
55723288
1898016435
1231817982
1714394742
801097417
200729708
1354819978
1924752265
253438407
1482159668
1877003816
1533807893
458758875
2141048184
723272610
1737460252
1030969254
1261471229
2135958077
1270918712
1612517621
1795208906
945756511
820213144
1805508652
195059636
1718669130
1499715223
616063454
130606468
927202054
1153684218
555263871
1208772294
1561655901
812065478
646173233
1691046705
737183232
1828221628
1636649146
1458294702
14829000
256495731
171711127
434049287
241772310
567377424
400704042
98137901
51869531
444467107
848336910
912577318
6481075
1664095265
858614155
1816191377
411608748
1062603770
1616954405
276603863
86782246
109924183
90744911
712237552
2031809362
611210738
697857341
2105982671
1954923740
610579089
787087319
1788209515
1009304357
1934201888
549185225
321688683
1130660009
1460076138
1623184823
1500118638
1129810048
678663284
1481935246
1523512564
1135958016
1484418678
53643254
565205996
763891839
220206455
1116707811
1607885786
643580726
1017994883
1422674251
1029748900
2007652673
114982796
1182763506
872583930
1489451458
148920283
1634223456
749614689
22933542
125535793
1100027381
1802896858
1234056320
1087145598
1072303379
1398929715
526899217
423211325
216352889
752540905
901330921
766219882
1482574512
1639540408
1042741158
1212796449
56699037
1084082370
1516594779
585496789
191217207
1184173399
1380978573
86264105
1852062803
215754087
1151474263
1473024366
1860927900
895824769
1985624237
136605370
741789854
574766471
2071922877
358796193
1934071041
1256263409
388295281
1087804563
1415645650
1756804538
1717857041
1927157714
655274749
1345692650
2055244038
1894394637
322681815
424681409
468595129
723505310
1995467992
83446909
912423834
1012708957
1865157222
95532489
866336317
957253663
841256652
886106050
1605225118
907194319
656068937
864828838
1191290245
1616100646
1258867781
777236763
