61634331
1912417423
1053529234
600212964
2060424492
2110807304
1925656338
742154649
1856616693
813784393
246573130
14181216
1076435224
1211511511
472425480
951039520
321022795
1264987450
902977599
2007963980
1961380288
1857952956
842233400
1897436978
365972645
1737423552
1728181479
1933186528
1339619783
991460796
592539224
478923955
695454802
1415492308
159244872
168577149
19445427
936466196
1963904976
1310738514
24944798
1467828810
770504764
1092050160
1918534443
392959358
1549286650
1029362888
1180099867
1574641423
489695918
1071324845
278894905
766756460
192471907
573074712
409321692
885473643
867121627
291898389
1445868681
1449440585
1117384711
1754545102
1725207733
328049983
15936146
1008984498
1632593063
66351293
648301463
151405122
2072490364
2008169286
1820296820
1561838968
637331269
1692219367
495296182
1048029140
496342603
595456597
1845191731
163445252
688392818
359780258
1845075511
883536175
265402043
1882366108
937113558
108212702
971151075
803127234
605593441
487350151
2031208745
450548964
148663027
1574820536
